0.4 0
0.4004 0
0.400802 0
0.401204 0
0.401606 0
0.40201 0
0.402414 0
0.40282 0
0.403226 0
0.403633 0
0.40404 0
0.404449 0
0.404858 0
0.405268 0
0.40568 0
0.406091 0
0.406504 0
0.406918 0
0.407332 0
0.407747 0
0.408163 0
0.40858 0
0.408998 0
0.409417 0
0.409836 0
0.410256 0
0.410678 0
0.4111 0
0.411523 0
0.411946 0
0.412371 0
0.412797 0
0.413223 0
0.41365 0
0.414079 0
0.414508 0
0.414938 0
0.415369 0
0.4158 0
0.416233 0
0.416667 0
0.417101 0
0.417537 0
0.417973 0
0.41841 0
0.418848 0
0.419287 0
0.419727 0
0.420168 0
0.42061 0
0.421053 0
0.421496 0
0.421941 0
0.422386 0
0.422833 0
0.42328 0
0.423729 0
0.424178 0
0.424628 0
0.42508 0
0.425532 0
0.425985 0
0.426439 0
0.426894 0
0.42735 0
0.427807 0
0.428266 0
0.428725 0
0.429185 0
0.429646 0
0.430108 0
0.430571 0
0.431034 0
0.431499 0
0.431965 0
0.432432 0
0.4329 0
0.433369 0
0.433839 0
0.434311 0
0.434783 0
0.435256 0
0.43573 0
0.436205 0
0.436681 0
0.437158 0
0.437637 0
0.438116 0
0.438596 0
0.439078 0
0.43956 0
0.440044 0
0.440529 0
0.441014 0
0.441501 0
0.441989 0
0.442478 0
0.442968 0
0.443459 0
0.443951 0
0.444444 0
0.444939 0
0.445434 0
0.445931 0
0.446429 0
0.446927 0
0.447427 0
0.447928 0
0.44843 0
0.448934 0
0.449438 0
0.449944 0
0.45045 0
0.450958 0
0.451467 0
0.451977 0
0.452489 0
0.453001 0
0.453515 0
0.45403 0
0.454545 0
0.455063 0
0.455581 0
0.4561 0
0.456621 0
0.457143 0
0.457666 0
0.45819 0
0.458716 0
0.459242 0
0.45977 0
0.460299 0
0.460829 0
0.461361 0
0.461894 0
0.462428 0
0.462963 0
0.463499 0
0.464037 0
0.464576 0
0.465116 0
0.465658 0
0.4662 0
0.466744 0
0.46729 0
0.467836 0
0.468384 0
0.468933 0
0.469484 0
0.470035 0
0.470588 0
0.471143 0
0.471698 0
0.472255 0
0.472813 0
0.473373 0
0.473934 0
0.474496 0
0.475059 0
0.475624 0
0.47619 0
0.476758 0
0.477327 0
0.477897 0
0.478469 0
0.479042 0
0.479616 0
0.480192 0
0.480769 0
0.481348 0
0.481928 0
0.482509 0
0.483092 0
0.483676 0
0.484262 0
0.484848 0
0.485437 0
0.486027 0
0.486618 0
0.487211 0
0.487805 0
0.4884 0
0.488998 0
0.489596 0
0.490196 0
0.490798 0
0.4914 0
0.492005 0
0.492611 0
0.493218 0
0.493827 0
0.494438 0
0.49505 0
0.495663 0
0.496278 0
0.496894 0
0.497512 0
0.498132 0
0.498753 0
0.499376 0
0.5 0
0.500626 0
0.501253 0
0.501882 0
0.502513 0
0.503145 0
0.503778 0
0.504414 0
0.505051 0
0.505689 0
0.506329 0
0.506971 0
0.507614 0
0.508259 0
0.508906 0
0.509554 0
0.510204 0
0.510856 0
0.511509 0
0.512164 0
0.512821 0
0.513479 0
0.514139 0
0.514801 0
0.515464 0
0.516129 0
0.516796 0
0.517464 0
0.518135 0
0.518807 0
0.519481 0
0.520156 0
0.520833 0
0.521512 0
0.522193 0
0.522876 0
0.52356 0
0.524246 0
0.524934 0
0.525624 0
0.526316 0
0.527009 0
0.527704 0
0.528402 0
0.529101 0
0.529801 0
0.530504 0
0.531208 0
0.531915 0
0.532623 0
0.533333 0
0.534045 0
0.534759 0
0.535475 0
0.536193 0
0.536913 0
0.537634 0
0.538358 0
0.539084 0
0.539811 0
0.540541 0
0.541272 0
0.542005 0
0.542741 0
0.543478 0
0.544218 0
0.544959 0
0.545703 0
0.546448 0
0.547196 0
0.547945 0
0.548697 0
0.549451 0
0.550206 0
0.550964 0
0.551724 0
0.552486 0
0.55325 0
0.554017 0
0.554785 0
0.555556 0
0.556328 0
0.557103 0
0.55788 0
0.558659 0
0.559441 0
0.560224 0
0.56101 0
0.561798 0
0.562588 0
0.56338 0
0.564175 0
0.564972 0
0.565771 0
0.566572 0
0.567376 0
0.568182 0
0.56899 0
0.569801 0
0.570613 0
0.571429 0
0.572246 0
0.573066 0
0.573888 0
0.574713 0
0.57554 0
0.576369 0
0.577201 0
0.578035 0
0.578871 0
0.57971 0
0.580552 0
0.581395 0
0.582242 0
0.58309 0
0.583942 0
0.584795 0
0.585652 0
0.58651 0
0.587372 0
0.588235 0
0.589102 0
0.589971 0
0.590842 0
0.591716 0
0.592593 0
0.593472 0
0.594354 0
0.595238 0
0.596125 0
0.597015 0
0.597907 0
0.598802 0
0.5997 0
0.600601 0
0.601504 0
0.60241 0
0.603318 0
0.60423 0
0.605144 0
0.606061 0
0.60698 0
0.607903 0
0.608828 0
0.609756 0
0.610687 0
0.611621 0
0.612557 0
0.613497 0
0.614439 0
0.615385 0
0.616333 0
0.617284 0
0.618238 0
0.619195 0
0.620155 0
0.621118 0
0.622084 0
0.623053 0
0.624025 0
0.625 0
0.625978 0
0.626959 0
0.627943 0
0.628931 0
0.629921 0
0.630915 0
0.631912 0
0.632911 0
0.633914 0
0.634921 0
0.63593 0
0.636943 0
0.637959 0
0.638978 0
0.64 0
0.641026 0
0.642055 0
0.643087 0
0.644122 0
0.645161 0
0.646204 0
0.647249 0
0.648298 0
0.649351 0
0.650407 0
0.651466 0
0.652529 0
0.653595 0
0.654664 0
0.655738 0
0.656814 0
0.657895 0
0.658979 0
0.660066 0
0.661157 0
0.662252 0
0.66335 0
0.664452 0
0.665557 0
0.666667 0
0.66778 0
0.668896 0
0.670017 0
0.671141 0
0.672269 0
0.673401 0
0.674536 0
0.675676 0
0.676819 0
0.677966 0
0.679117 0
0.680272 0
0.681431 0
0.682594 0
0.683761 0
0.684932 0
0.686106 0
0.687285 0
0.688468 0
0.689655 0
0.690846 0
0.692042 0
0.693241 0
0.694444 0
0.695652 0
0.696864 0
0.69808 0
0.699301 0
0.700525 0
0.701754 0
0.702988 0
0.704225 0
0.705467 0
0.706714 0
0.707965 0
0.70922 0
0.71048 0
0.711744 0
0.713012 0
0.714286 0
0.715564 0
0.716846 0
0.718133 0
0.719424 0
0.720721 0
0.722022 0
0.723327 0
0.724638 0
0.725953 0
0.727273 0
0.728597 0
0.729927 0
0.731261 0
0.732601 0
0.733945 0
0.735294 0
0.736648 0
0.738007 0
0.739372 0
0.740741 0
0.742115 0
0.743494 0
0.744879 0
0.746269 0
0.747664 0
0.749064 0
0.750469 0
0.75188 0
0.753296 0
0.754717 0
0.756144 0
0.757576 0
0.759013 0
0.760456 0
0.761905 0
0.763359 0
0.764818 0
0.766284 0
0.767754 0
0.769231 0
0.770713 0
0.772201 0
0.773694 0
0.775194 0
0.776699 0
0.77821 0
0.779727 0
0.78125 0
0.782779 0
0.784314 0
0.785855 0
0.787402 0
0.788955 0
0.790514 0
0.792079 0
0.793651 0
0.795229 0
0.796813 0
0.798403 0
0.8 0
0.801603 0
0.803213 0
0.804829 0
0.806452 0
0.808081 0
0.809717 0
0.811359 0
0.813008 0
0.814664 0
0.816327 0
0.817996 0
0.819672 0
0.821355 0
0.823045 0
0.824742 0
0.826446 0
0.828157 0
0.829876 0
0.831601 0
0.833333 0
0.835073 0
0.83682 0
0.838574 0
0.840336 0
0.842105 0
0.843882 0
0.845666 0
0.847458 0
0.849257 0
0.851064 0
0.852878 0
0.854701 0
0.856531 0
0.858369 0
0.860215 0
0.862069 0
0.863931 0
0.865801 0
0.867679 0
0.869565 0
0.87146 0
0.873362 0
0.875274 0
0.877193 0
0.879121 0
0.881057 0
0.883002 0
0.884956 0
0.886918 0
0.888889 0
0.890869 0
0.892857 0
0.894855 0
0.896861 0
0.898876 0
0.900901 0
0.902935 0
0.904977 0
0.907029 0
0.909091 0
0.911162 0
0.913242 0
0.915332 0
0.917431 0
0.91954 0
0.921659 0
0.923788 0
0.925926 0
0.928074 0
0.930233 0
0.932401 0
0.934579 0
0.936768 0
0.938967 0
0.941176 0
0.943396 0
0.945626 0
0.947867 0
0.950119 0
0.952381 0
0.954654 0
0.956938 0
0.959233 0
0.961538 0
0.963855 0
0.966184 0
0.968523 0
0.970874 0
0.973236 0
0.97561 0
0.977995 0
0.980392 0
0.982801 0
0.985222 0
0.987654 0
0.990099 0
0.992556 0
0.995025 0
0.997506 0
1 0
1.00251 0.00165
1.00503 0.00415
1.00756 0.00665
1.0101 0.00915
1.01266 0.01165
1.01523 0.01415
1.01781 0.01665
1.02041 0.01915
1.02302 0.02165
1.02564 0.02415
1.02828 0.02665
1.03093 0.02915
1.03359 0.03165
1.03627 0.03415
1.03896 0.03665
1.04167 0.03915
1.04439 0.04165
1.04712 0.04415
1.04987 0.04665
1.05263 0.04915
1.05541 0.05165
1.0582 0.05415
1.06101 0.05665
1.06383 0.05915
1.06667 0.06165
1.06952 0.06415
1.07239 0.06665
1.07527 0.06915
1.07817 0.07165
1.08108 0.07415
1.08401 0.07665
1.08696 0.07915
1.08992 0.08165
1.0929 0.08415
1.09589 0.08665
1.0989 0.08915
1.10193 0.09165
1.10497 0.09415
1.10803 0.09665
1.11111 0.09915
1.11421 0.10165
1.11732 0.10415
1.12045 0.10665
1.1236 0.10915
1.12676 0.11165
1.12994 0.11415
1.13314 0.11665
1.13636 0.11915
1.1396 0.12165
1.14286 0.12415
1.14613 0.12665
1.14943 0.12915
1.15274 0.13165
1.15607 0.13415
1.15942 0.13665
1.16279 0.13915
1.16618 0.14165
1.16959 0.14415
1.17302 0.14665
1.17647 0.14915
1.17994 0.15165
1.18343 0.15415
1.18694 0.15665
1.19048 0.15915
1.19403 0.16165
1.1976 0.16415
1.2012 0.16665
1.20482 0.16915
1.20846 0.17165
1.21212 0.17415
1.21581 0.17665
1.21951 0.17915
1.22324 0.18165
1.22699 0.18415
1.23077 0.18665
1.23457 0.18915
1.23839 0.19165
1.24224 0.19415
1.24611 0.19665
1.25 0.19915
1.25392 0.20165
1.25786 0.20415
1.26183 0.20665
1.26582 0.20915
1.26984 0.21165
1.27389 0.21415
1.27796 0.21665
1.28205 0.21915
1.28617 0.22165
1.29032 0.22415
1.2945 0.22665
1.2987 0.22915
1.30293 0.23165
1.30719 0.23415
1.31148 0.23665
1.31579 0.23915
1.32013 0.24165
1.3245 0.24415
1.3289 0.24665
1.33333 0.24915
1.33779 0.2516
1.34228 0.2541
1.3468 0.2566
1.35135 0.2591
1.35593 0.2616
1.36054 0.2641
1.36519 0.2666
1.36986 0.2691
1.37457 0.2716
1.37931 0.2741
1.38408 0.2766
1.38889 0.2791
1.39373 0.2816
1.3986 0.2841
1.40351 0.2866
1.40845 0.2891
1.41343 0.2916
1.41844 0.2941
1.42349 0.2966
1.42857 0.2991
1.43369 0.3016
1.43885 0.3041
1.44404 0.3066
1.44928 0.3091
1.45455 0.3116
1.45985 0.3141
1.4652 0.3166
1.47059 0.3191
1.47601 0.3216
1.48148 0.3241
1.48699 0.3266
1.49254 0.3291
1.49813 0.3316
1.50376 0.3341
1.50943 0.3366
1.51515 0.3391
1.52091 0.3416
1.52672 0.3441
1.53257 0.3466
1.53846 0.3491
1.5444 0.3516
1.55039 0.3541
1.55642 0.3566
1.5625 0.3591
1.56863 0.3616
1.5748 0.3641
1.58103 0.3666
1.5873 0.3691
1.59363 0.3716
1.6 0.3741
1.60643 0.3766
1.6129 0.3791
1.61943 0.3816
1.62602 0.3841
1.63265 0.3866
1.63934 0.3891
1.64609 0.3916
1.65289 0.3941
1.65975 0.3966
1.66667 0.3991
1.67364 0.4016
1.68067 0.4041
1.68776 0.4066
1.69492 0.4091
1.70213 0.4116
1.7094 0.4141
1.71674 0.4166
1.72414 0.4191
1.7316 0.4216
1.73913 0.4241
1.74672 0.4266
1.75439 0.4291
1.76211 0.4316
1.76991 0.4341
1.77778 0.4366
1.78571 0.4391
1.79372 0.4416
1.8018 0.4441
1.80995 0.4466
1.81818 0.4491
1.82648 0.4516
1.83486 0.4541
1.84332 0.4566
1.85185 0.4591
1.86047 0.4616
1.86916 0.4641
1.87793 0.4666
1.88679 0.4691
1.89573 0.4716
1.90476 0.4741
1.91388 0.4766
1.92308 0.4791
1.93237 0.4816
1.94175 0.4841
1.95122 0.4866
1.96078 0.4891
1.97044 0.4916
1.9802 0.4941
1.99005 0.4966
2 0.4991
2.01005 0.50155
2.0202 0.50405
2.03046 0.50655
2.04082 0.50905
2.05128 0.51155
2.06186 0.51405
2.07254 0.51655
2.08333 0.51905
2.09424 0.52155
2.10526 0.52405
2.1164 0.52655
2.12766 0.52905
2.13904 0.53155
2.15054 0.53405
2.16216 0.53655
2.17391 0.53905
2.18579 0.54155
2.1978 0.54405
2.20994 0.54655
2.22222 0.54905
2.23464 0.55155
2.24719 0.55405
2.25989 0.55655
2.27273 0.55905
2.28571 0.56155
2.29885 0.56405
2.31214 0.56655
2.32558 0.56905
2.33918 0.57155
2.35294 0.57405
2.36686 0.57655
2.38095 0.57905
2.39521 0.58155
2.40964 0.58405
2.42424 0.58655
2.43902 0.58905
2.45399 0.59155
2.46914 0.59405
2.48447 0.59655
2.5 0.59905
2.51572 0.60155
2.53165 0.60405
2.54777 0.60655
2.5641 0.60905
2.58065 0.61155
2.5974 0.61405
2.61438 0.61655
2.63158 0.61905
2.64901 0.62155
2.66667 0.62405
2.68456 0.62655
2.7027 0.62905
2.72109 0.63155
2.73973 0.63405
2.75862 0.63655
2.77778 0.63905
2.7972 0.64155
2.8169 0.64405
2.83688 0.64655
2.85714 0.64905
2.8777 0.65155
2.89855 0.65405
2.91971 0.65655
2.94118 0.65905
2.96296 0.66155
2.98507 0.66405
3.00752 0.66655
3.0303 0.66905
3.05344 0.67155
3.07692 0.67405
3.10078 0.67655
3.125 0.67905
3.14961 0.68155
3.1746 0.68405
3.2 0.68655
3.22581 0.68905
3.25203 0.69155
3.27869 0.69405
3.30579 0.69655
3.33333 0.69905
3.36134 0.70155
3.38983 0.70405
3.4188 0.70655
3.44828 0.70905
3.47826 0.71155
3.50877 0.71405
3.53982 0.71655
3.57143 0.71905
3.6036 0.72155
3.63636 0.72405
3.66972 0.72655
3.7037 0.72905
3.73832 0.73155
3.77358 0.73405
3.80952 0.73655
3.84615 0.73905
3.8835 0.74155
3.92157 0.74405
3.9604 0.74655
4 0.74905
4.0404 0.75155
4.08163 0.75405
4.12371 0.75655
4.16667 0.75905
4.21053 0.76155
4.25532 0.76405
4.30108 0.76655
4.34783 0.76905
4.3956 0.77155
4.44444 0.77405
4.49438 0.77655
4.54545 0.77905
4.5977 0.78155
4.65116 0.78405
4.70588 0.78655
4.7619 0.78905
4.81928 0.79155
4.87805 0.79405
4.93827 0.79655
5 0.79905
5.06329 0.80155
5.12821 0.80405
5.19481 0.80655
5.26316 0.80905
5.33333 0.81155
5.40541 0.81405
5.47945 0.81655
5.55556 0.81905
5.6338 0.82155
5.71429 0.82405
5.7971 0.82655
5.88235 0.82905
5.97015 0.83155
6.06061 0.83405
6.15385 0.83655
6.25 0.83905
6.34921 0.84155
6.45161 0.84405
6.55738 0.84655
6.66667 0.84905
6.77966 0.85155
6.89655 0.85405
7.01754 0.85655
7.14286 0.85905
7.27273 0.86155
7.40741 0.86405
7.54717 0.86655
7.69231 0.86905
7.84314 0.87155
8 0.87405
8.16327 0.87655
8.33333 0.87905
8.51064 0.88155
8.69565 0.88405
8.88889 0.88655
9.09091 0.88905
9.30233 0.89155
9.52381 0.89405
9.7561 0.89655
10 0.89905
10.2564 0.90155
10.5263 0.90405
10.8108 0.90655
11.1111 0.90905
11.4286 0.91155
11.7647 0.91405
12.1212 0.91655
12.5 0.91905
12.9032 0.92155
13.3333 0.92405
13.7931 0.92655
14.2857 0.92905
14.8148 0.93155
15.3846 0.93405
16 0.93655
16.6667 0.93905
17.3913 0.94155
18.1818 0.94405
19.0476 0.94655
20 0.94905
