0.4 0.194417
0.4004 0.194446
0.400802 0.194475
0.401204 0.194504
0.401606 0.194533
0.40201 0.194562
0.402414 0.194592
0.40282 0.194621
0.403226 0.194651
0.403633 0.19468
0.40404 0.19471
0.404449 0.194739
0.404858 0.194769
0.405268 0.194799
0.40568 0.194828
0.406091 0.194858
0.406504 0.194888
0.406918 0.194918
0.407332 0.194948
0.407747 0.194978
0.408163 0.195009
0.40858 0.195039
0.408998 0.195069
0.409417 0.195099
0.409836 0.19513
0.410256 0.19516
0.410678 0.195191
0.4111 0.195221
0.411523 0.195252
0.411946 0.195283
0.412371 0.195314
0.412797 0.195344
0.413223 0.195375
0.41365 0.195406
0.414079 0.195437
0.414508 0.195468
0.414938 0.1955
0.415369 0.195531
0.4158 0.195562
0.416233 0.195594
0.416667 0.195625
0.417101 0.195656
0.417537 0.195688
0.417973 0.19572
0.41841 0.195751
0.418848 0.195783
0.419287 0.195815
0.419727 0.195847
0.420168 0.195879
0.42061 0.195911
0.421053 0.195943
0.421496 0.195975
0.421941 0.196007
0.422386 0.19604
0.422833 0.196072
0.42328 0.196104
0.423729 0.196137
0.424178 0.19617
0.424628 0.196202
0.42508 0.196235
0.425532 0.196268
0.425985 0.196301
0.426439 0.196334
0.426894 0.196367
0.42735 0.1964
0.427807 0.196433
0.428266 0.196466
0.428725 0.196499
0.429185 0.196533
0.429646 0.196566
0.430108 0.196599
0.430571 0.196633
0.431034 0.196667
0.431499 0.1967
0.431965 0.196734
0.432432 0.196768
0.4329 0.196802
0.433369 0.196836
0.433839 0.19687
0.434311 0.196904
0.434783 0.196938
0.435256 0.196973
0.43573 0.197007
0.436205 0.197042
0.436681 0.197076
0.437158 0.197111
0.437637 0.197145
0.438116 0.19718
0.438596 0.197215
0.439078 0.19725
0.43956 0.197285
0.440044 0.19732
0.440529 0.197355
0.441014 0.19739
0.441501 0.197425
0.441989 0.197461
0.442478 0.197496
0.442968 0.197532
0.443459 0.197567
0.443951 0.197603
0.444444 0.197639
0.444939 0.197675
0.445434 0.197711
0.445931 0.197747
0.446429 0.197783
0.446927 0.197819
0.447427 0.197855
0.447928 0.197891
0.44843 0.197928
0.448934 0.197964
0.449438 0.198001
0.449944 0.198038
0.45045 0.198074
0.450958 0.198111
0.451467 0.198148
0.451977 0.198185
0.452489 0.198222
0.453001 0.198259
0.453515 0.198296
0.45403 0.198334
0.454545 0.198371
0.455063 0.198409
0.455581 0.198446
0.4561 0.198484
0.456621 0.198522
0.457143 0.19856
0.457666 0.198597
0.45819 0.198635
0.458716 0.198674
0.459242 0.198712
0.45977 0.19875
0.460299 0.198788
0.460829 0.198827
0.461361 0.198865
0.461894 0.198904
0.462428 0.198943
0.462963 0.198981
0.463499 0.19902
0.464037 0.199059
0.464576 0.199098
0.465116 0.199138
0.465658 0.199177
0.4662 0.199216
0.466744 0.199256
0.46729 0.199295
0.467836 0.199335
0.468384 0.199375
0.468933 0.199414
0.469484 0.199454
0.470035 0.199494
0.470588 0.199534
0.471143 0.199574
0.471698 0.199615
0.472255 0.199655
0.472813 0.199696
0.473373 0.199736
0.473934 0.199777
0.474496 0.199818
0.475059 0.199858
0.475624 0.199899
0.47619 0.19994
0.476758 0.199982
0.477327 0.200023
0.477897 0.200064
0.478469 0.200106
0.479042 0.200147
0.479616 0.200189
0.480192 0.200231
0.480769 0.200272
0.481348 0.200314
0.481928 0.200356
0.482509 0.200399
0.483092 0.200441
0.483676 0.200483
0.484262 0.200526
0.484848 0.200568
0.485437 0.200611
0.486027 0.200654
0.486618 0.200696
0.487211 0.200739
0.487805 0.200783
0.4884 0.200826
0.488998 0.200869
0.489596 0.200912
0.490196 0.200956
0.490798 0.200999
0.4914 0.201043
0.492005 0.201087
0.492611 0.201131
0.493218 0.201175
0.493827 0.201219
0.494438 0.201263
0.49505 0.201308
0.495663 0.201352
0.496278 0.201397
0.496894 0.201442
0.497512 0.201486
0.498132 0.201531
0.498753 0.201576
0.499376 0.201621
0.5 0.201667
0.500626 0.201718
0.501253 0.20177
0.501882 0.201822
0.502513 0.201874
0.503145 0.201926
0.503778 0.201978
0.504414 0.202031
0.505051 0.202083
0.505689 0.202136
0.506329 0.202189
0.506971 0.202242
0.507614 0.202295
0.508259 0.202348
0.508906 0.202401
0.509554 0.202455
0.510204 0.202509
0.510856 0.202562
0.511509 0.202616
0.512164 0.20267
0.512821 0.202724
0.513479 0.202779
0.514139 0.202833
0.514801 0.202888
0.515464 0.202942
0.516129 0.202997
0.516796 0.203052
0.517464 0.203107
0.518135 0.203163
0.518807 0.203218
0.519481 0.203274
0.520156 0.20333
0.520833 0.203385
0.521512 0.203441
0.522193 0.203498
0.522876 0.203554
0.52356 0.20361
0.524246 0.203667
0.524934 0.203724
0.525624 0.203781
0.526316 0.203838
0.527009 0.203895
0.527704 0.203952
0.528402 0.20401
0.529101 0.204067
0.529801 0.204125
0.530504 0.204183
0.531208 0.204241
0.531915 0.2043
0.532623 0.204358
0.533333 0.204417
0.534045 0.204475
0.534759 0.204534
0.535475 0.204593
0.536193 0.204653
0.536913 0.204712
0.537634 0.204772
0.538358 0.204831
0.539084 0.204891
0.539811 0.204951
0.540541 0.205011
0.541272 0.205072
0.542005 0.205132
0.542741 0.205193
0.543478 0.205254
0.544218 0.205315
0.544959 0.205376
0.545703 0.205437
0.546448 0.205499
0.547196 0.20556
0.547945 0.205622
0.548697 0.205684
0.549451 0.205746
0.550206 0.205809
0.550964 0.205871
0.551724 0.205934
0.552486 0.205997
0.55325 0.20606
0.554017 0.206123
0.554785 0.206186
0.555556 0.20625
0.556328 0.206314
0.557103 0.206378
0.55788 0.206442
0.558659 0.206506
0.559441 0.206571
0.560224 0.206635
0.56101 0.2067
0.561798 0.206765
0.562588 0.20683
0.56338 0.206896
0.564175 0.206961
0.564972 0.207027
0.565771 0.207093
0.566572 0.207159
0.567376 0.207225
0.568182 0.207292
0.56899 0.207358
0.569801 0.207425
0.570613 0.207492
0.571429 0.20756
0.572246 0.207627
0.573066 0.207695
0.573888 0.207762
0.574713 0.20783
0.57554 0.207899
0.576369 0.207967
0.577201 0.208036
0.578035 0.208105
0.578871 0.208174
0.57971 0.208243
0.580552 0.208312
0.581395 0.208382
0.582242 0.208452
0.58309 0.208522
0.583942 0.208595
0.584795 0.20867
0.585652 0.208745
0.58651 0.20882
0.587372 0.208895
0.588235 0.208971
0.589102 0.209046
0.589971 0.209122
0.590842 0.209199
0.591716 0.209275
0.592593 0.209352
0.593472 0.209429
0.594354 0.209506
0.595238 0.209583
0.596125 0.209661
0.597015 0.209739
0.597907 0.209817
0.598802 0.209895
0.5997 0.209974
0.600601 0.210053
0.601504 0.210132
0.60241 0.210211
0.603318 0.21029
0.60423 0.21037
0.605144 0.21045
0.606061 0.21053
0.60698 0.210611
0.607903 0.210691
0.608828 0.210772
0.609756 0.210854
0.610687 0.210935
0.611621 0.211017
0.612557 0.211099
0.613497 0.211181
0.614439 0.211263
0.615385 0.211346
0.616333 0.211429
0.617284 0.211512
0.618238 0.211596
0.619195 0.21168
0.620155 0.211764
0.621118 0.211848
0.622084 0.211932
0.623053 0.212017
0.624025 0.212102
0.625 0.212187
0.625978 0.212273
0.626959 0.212359
0.627943 0.212445
0.628931 0.212531
0.629921 0.212618
0.630915 0.212705
0.631912 0.212792
0.632911 0.21288
0.633914 0.212968
0.634921 0.213056
0.63593 0.213144
0.636943 0.213232
0.637959 0.213321
0.638978 0.213411
0.64 0.2135
0.641026 0.21359
0.642055 0.21368
0.643087 0.21377
0.644122 0.213861
0.645161 0.213952
0.646204 0.214043
0.647249 0.214134
0.648298 0.214226
0.649351 0.214318
0.650407 0.214411
0.651466 0.214503
0.652529 0.214596
0.653595 0.21469
0.654664 0.214783
0.655738 0.214877
0.656814 0.214971
0.657895 0.215066
0.658979 0.215161
0.660066 0.215256
0.661157 0.215351
0.662252 0.215447
0.66335 0.215543
0.664452 0.21564
0.665557 0.215736
0.666667 0.215833
0.66778 0.215931
0.668896 0.216028
0.670017 0.216126
0.671141 0.216225
0.672269 0.216324
0.673401 0.216423
0.674536 0.216522
0.675676 0.216622
0.676819 0.216722
0.677966 0.216822
0.679117 0.216923
0.680272 0.217024
0.681431 0.217125
0.682594 0.217227
0.683761 0.217329
0.684932 0.217432
0.686106 0.217534
0.687285 0.217637
0.688468 0.217741
0.689655 0.217845
0.690846 0.217949
0.692042 0.218054
0.693241 0.218159
0.694444 0.218264
0.695652 0.21837
0.696864 0.218476
0.69808 0.218582
0.699301 0.218689
0.700525 0.218796
0.701754 0.218904
0.702988 0.219011
0.704225 0.21912
0.705467 0.219228
0.706714 0.219337
0.707965 0.219447
0.70922 0.219557
0.71048 0.219667
0.711744 0.219778
0.713012 0.219889
0.714286 0.22
0.715564 0.220112
0.716846 0.220224
0.718133 0.220337
0.719424 0.22045
0.720721 0.220563
0.722022 0.220677
0.723327 0.220791
0.724638 0.220906
0.725953 0.221021
0.727273 0.221136
0.728597 0.221252
0.729927 0.221369
0.731261 0.221485
0.732601 0.221603
0.733945 0.22172
0.735294 0.221838
0.736648 0.221957
0.738007 0.222076
0.739372 0.222195
0.740741 0.222315
0.742115 0.222435
0.743494 0.222556
0.744879 0.222677
0.746269 0.222799
0.747664 0.222921
0.749064 0.223043
0.750469 0.223173
0.75188 0.223318
0.753296 0.223463
0.754717 0.223608
0.756144 0.223755
0.757576 0.223902
0.759013 0.224049
0.760456 0.224197
0.761905 0.224345
0.763359 0.224494
0.764818 0.224644
0.766284 0.224794
0.767754 0.224945
0.769231 0.225096
0.770713 0.225248
0.772201 0.225401
0.773694 0.225554
0.775194 0.225707
0.776699 0.225862
0.77821 0.226017
0.779727 0.226172
0.78125 0.226328
0.782779 0.226485
0.784314 0.226642
0.785855 0.2268
0.787402 0.226959
0.788955 0.227118
0.790514 0.227278
0.792079 0.227438
0.793651 0.227599
0.795229 0.227761
0.796813 0.227923
0.798403 0.228086
0.8 0.22825
0.801603 0.228434
0.803213 0.228619
0.804829 0.228805
0.806452 0.228992
0.808081 0.229179
0.809717 0.229367
0.811359 0.229556
0.813008 0.229746
0.814664 0.229936
0.816327 0.230128
0.817996 0.23032
0.819672 0.230512
0.821355 0.230706
0.823045 0.2309
0.824742 0.231095
0.826446 0.231291
0.828157 0.231488
0.829876 0.231686
0.831601 0.231884
0.833333 0.232083
0.835073 0.232349
0.83682 0.232615
0.838574 0.232883
0.840336 0.233151
0.842105 0.233421
0.843882 0.233692
0.845666 0.233964
0.847458 0.234237
0.849257 0.234512
0.851064 0.234787
0.852878 0.235064
0.854701 0.235342
0.856531 0.235621
0.858369 0.235901
0.860215 0.236183
0.862069 0.236465
0.863931 0.236749
0.865801 0.237034
0.867679 0.237321
0.869565 0.237608
0.87146 0.237897
0.873362 0.238187
0.875274 0.238479
0.877193 0.238772
0.879121 0.239066
0.881057 0.239361
0.883002 0.239657
0.884956 0.239955
0.886918 0.240255
0.888889 0.240555
0.890869 0.240857
0.892857 0.24116
0.894855 0.241465
0.896861 0.241771
0.898876 0.242078
0.900901 0.242387
0.902935 0.242697
0.904977 0.243009
0.907029 0.243321
0.909091 0.243636
0.911162 0.243952
0.913242 0.244269
0.915332 0.244587
0.917431 0.244965
0.91954 0.245445
0.921659 0.245927
0.923788 0.246411
0.925926 0.246897
0.928074 0.247386
0.930233 0.247877
0.932401 0.24837
0.934579 0.248866
0.936768 0.249364
0.938967 0.249864
0.941176 0.250367
0.943396 0.250872
0.945626 0.251379
0.947867 0.251889
0.950119 0.252401
0.952381 0.252916
0.954654 0.253448
0.956938 0.254281
0.959233 0.255119
0.961538 0.255961
0.963855 0.256806
0.966184 0.257656
0.968523 0.25851
0.970874 0.259708
0.973236 0.260948
0.97561 0.262194
0.977995 0.263446
0.980392 0.264704
0.982801 0.265969
0.985222 0.26724
0.987654 0.268517
0.990099 0.2698
0.992556 0.27109
0.995025 0.272386
0.997506 0.273688
1 0.274998
1.00251 1.52807
1.00503 2.78743
1.00756 4.05315
1.0101 5.32525
1.01266 6.6038
1.01523 7.88883
1.01781 9.1804
1.02041 10.4786
1.02302 11.7834
1.02564 13.0949
1.02828 14.4131
1.03093 15.7381
1.03359 17.07
1.03627 18.4088
1.03896 19.7545
1.04167 21.1073
1.04439 22.4671
1.04712 23.834
1.04987 25.2081
1.05263 26.5895
1.05541 27.9781
1.0582 29.3741
1.06101 30.7775
1.06383 32.1883
1.06667 33.6067
1.06952 35.0326
1.07239 36.4662
1.07527 37.9075
1.07817 39.3566
1.08108 40.8135
1.08401 42.2783
1.08696 43.7511
1.08992 45.2319
1.0929 46.7208
1.09589 48.2178
1.0989 49.7231
1.10193 51.2366
1.10497 52.7586
1.10803 54.2889
1.11111 55.8278
1.11421 57.3752
1.11732 58.9313
1.12045 60.4961
1.1236 62.0697
1.12676 63.6521
1.12994 65.2435
1.13314 66.8439
1.13636 68.4534
1.1396 70.0721
1.14286 71.7
1.14613 73.3372
1.14943 74.9839
1.15274 76.6401
1.15607 78.3058
1.15942 79.9812
1.16279 81.6663
1.16618 83.3612
1.16959 85.0661
1.17302 86.7809
1.17647 88.5059
1.17994 90.241
1.18343 91.9864
1.18694 93.7421
1.19048 95.5083
1.19403 97.2851
1.1976 99.0725
1.2012 100.871
1.20482 102.68
1.20846 104.499
1.21212 106.33
1.21581 108.172
1.21951 110.026
1.22324 111.89
1.22699 113.766
1.23077 115.654
1.23457 117.553
1.23839 119.464
1.24224 121.387
1.24611 123.322
1.25 125.269
1.25392 127.228
1.25786 129.199
1.26183 131.183
1.26582 133.18
1.26984 135.189
1.27389 137.211
1.27796 139.246
1.28205 141.294
1.28617 143.355
1.29032 145.429
1.2945 147.517
1.2987 149.618
1.30293 151.733
1.30719 153.862
1.31148 156.005
1.31579 158.162
1.32013 160.333
1.3245 162.519
1.3289 164.719
1.33333 166.933
1.33779 169.163
1.34228 171.407
1.3468 173.667
1.35135 175.942
1.35593 178.232
1.36054 180.538
1.36519 182.86
1.36986 185.197
1.37457 187.551
1.37931 189.921
1.38408 192.307
1.38889 194.71
1.39373 197.129
1.3986 199.566
1.40351 202.019
1.40845 204.49
1.41343 206.978
1.41844 209.484
1.42349 212.008
1.42857 214.55
1.43369 217.11
1.43885 219.688
1.44404 222.286
1.44928 224.901
1.45455 227.536
1.45985 230.191
1.4652 232.864
1.47059 235.557
1.47601 238.27
1.48148 241.004
1.48699 243.757
1.49254 246.531
1.49813 249.326
1.50376 252.142
1.50943 254.979
1.51515 257.838
1.52091 260.718
1.52672 263.621
1.53257 266.545
1.53846 269.492
1.5444 272.462
1.55039 275.455
1.55642 278.471
1.5625 281.511
1.56863 284.575
1.5748 287.662
1.58103 290.774
1.5873 293.911
1.59363 297.073
1.6 300.26
1.60643 303.473
1.6129 306.711
1.61943 309.976
1.62602 313.267
1.63265 316.586
1.63934 319.931
1.64609 323.304
1.65289 326.705
1.65975 330.134
1.66667 333.592
1.67364 337.078
1.68067 340.594
1.68776 344.14
1.69492 347.715
1.70213 351.321
1.7094 354.958
1.71674 358.626
1.72414 362.326
1.7316 366.058
1.73913 369.822
1.74672 373.619
1.75439 377.449
1.76211 381.313
1.76991 385.212
1.77778 389.144
1.78571 393.112
1.79372 397.116
1.8018 401.156
1.80995 405.232
1.81818 409.345
1.82648 413.496
1.83486 417.685
1.84332 421.913
1.85185 426.18
1.86047 430.486
1.86916 434.833
1.87793 439.22
1.88679 443.649
1.89573 448.12
1.90476 452.633
1.91388 457.19
1.92308 461.79
1.93237 466.435
1.94175 471.125
1.95122 475.861
1.96078 480.643
1.97044 485.472
1.9802 490.35
1.99005 495.275
2 500.25
2.01005 505.275
2.0202 510.352
2.03046 515.479
2.04082 520.659
2.05128 525.892
2.06186 531.179
2.07254 536.521
2.08333 541.919
2.09424 547.373
2.10526 552.884
2.1164 558.454
2.12766 564.083
2.13904 569.772
2.15054 575.523
2.16216 581.335
2.17391 587.211
2.18579 593.151
2.1978 599.156
2.20994 605.228
2.22222 611.367
2.23464 617.574
2.24719 623.852
2.25989 630.2
2.27273 636.62
2.28571 643.114
2.29885 649.683
2.31214 656.327
2.32558 663.049
2.33918 669.849
2.35294 676.729
2.36686 683.691
2.38095 690.736
2.39521 697.865
2.40964 705.08
2.42424 712.382
2.43902 719.773
2.45399 727.255
2.46914 734.83
2.48447 742.498
2.5 750.262
2.51572 758.125
2.53165 766.086
2.54777 774.149
2.5641 782.315
2.58065 790.587
2.5974 798.966
2.61438 807.455
2.63158 816.055
2.64901 824.77
2.66667 833.6
2.68456 842.549
2.7027 851.619
2.72109 860.812
2.73973 870.132
2.75862 879.579
2.77778 889.158
2.7972 898.871
2.8169 908.721
2.83688 918.711
2.85714 928.843
2.8777 939.121
2.89855 949.548
2.91971 960.127
2.94118 970.862
2.96296 981.756
2.98507 992.812
3.00752 1004.03
3.0303 1015.43
3.05344 1026.99
3.07692 1038.74
3.10078 1050.67
3.125 1062.78
3.14961 1075.08
3.1746 1087.58
3.2 1100.28
3.22581 1113.18
3.25203 1126.3
3.27869 1139.63
3.30579 1153.18
3.33333 1166.95
3.36134 1180.96
3.38983 1195.2
3.4188 1209.69
3.44828 1224.42
3.47826 1239.42
3.50877 1254.67
3.53982 1270.2
3.57143 1286
3.6036 1302.09
3.63636 1318.47
3.66972 1335.15
3.7037 1352.14
3.73832 1369.45
3.77358 1387.09
3.80952 1405.06
3.84615 1423.37
3.8835 1442.04
3.92157 1461.08
3.9604 1480.5
4 1500.3
4.0404 1520.5
4.08163 1541.12
4.12371 1562.16
4.16667 1583.64
4.21053 1605.57
4.25532 1627.97
4.30108 1650.85
4.34783 1674.22
4.3956 1698.11
4.44444 1722.53
4.49438 1747.5
4.54545 1773.04
4.5977 1799.17
4.65116 1825.9
4.70588 1853.26
4.7619 1881.27
4.81928 1909.96
4.87805 1939.35
4.93827 1969.46
5 2000.33
5.06329 2031.97
5.12821 2064.43
5.19481 2097.73
5.26316 2131.91
5.33333 2167
5.40541 2203.04
5.47945 2240.06
5.55556 2278.12
5.6338 2317.24
5.71429 2357.49
5.7971 2398.9
5.88235 2441.52
5.97015 2485.42
6.06061 2530.65
6.15385 2577.28
6.25 2625.36
6.34921 2674.96
6.45161 2726.17
6.55738 2779.05
6.66667 2833.7
6.77966 2890.2
6.89655 2948.65
7.01754 3009.15
7.14286 3071.81
7.27273 3136.75
7.40741 3204.09
7.54717 3273.97
7.69231 3346.55
7.84314 3421.96
8 3500.4
8.16327 3582.04
8.33333 3667.08
8.51064 3755.73
8.69565 3848.24
8.88889 3944.87
9.09091 4045.88
9.30233 4151.6
9.52381 4262.34
9.7561 4378.49
10 4500.45
10.2564 4628.66
10.5263 4763.62
10.8108 4905.88
11.1111 5056.03
11.4286 5214.77
11.7647 5382.85
12.1212 5561.11
12.5 5750.51
12.9032 5952.14
13.3333 6167.2
13.7931 6397.1
14.2857 6643.41
14.8148 6907.98
15.3846 7192.89
16 7500.6
16.6667 7833.95
17.3913 8196.29
18.1818 8591.56
19.0476 9024.49
20 9500.7
