63.151 67.3541 69.9219 71.4775
63.151 67.3541 69.9219 71.4775
63.151 67.3541 69.9219 71.4775
63.151 67.3541 69.9219 71.4775
63.151 67.3541 69.9219 71.4775
63.151 67.3541 69.9219 71.4775
63.151 67.3541 69.9219 71.4775
63.151 67.3541 69.9219 71.4775
63.151 67.3541 69.9219 71.4775
69.5086 69.2279 67.4765 65.1301
69.5086 69.2279 67.4765 65.1301
69.5086 69.2279 67.4765 65.1301
69.5086 69.2279 67.4765 65.1301
69.5086 69.2279 67.4765 65.1301
69.5086 69.2279 67.4765 65.1301
69.5086 69.2279 67.4765 65.1301
69.5086 69.2279 67.4765 65.1301
69.5086 69.2279 67.4765 65.1301
69.5086 69.2279 67.4765 65.1301
73.9878 70.3849 65.6769 60.9274
73.9878 70.3849 65.6769 60.9274
73.9878 70.3849 65.6769 60.9274
73.9878 70.3849 65.6769 60.9274
73.9878 70.3849 65.6769 60.9274
73.9878 70.3849 65.6769 60.9274
73.9878 70.3849 65.6769 60.9274
73.9878 70.3849 65.6769 60.9274
73.9878 70.3849 65.6769 60.9274
73.9878 70.3849 65.6769 60.9274
77.3203 71.0922 64.3064 58.0004
77.3203 71.0922 64.3064 58.0004
77.3203 71.0922 64.3064 58.0004
77.3203 71.0922 64.3064 58.0004
77.3203 71.0922 64.3064 58.0004
77.3203 71.0922 64.3064 58.0004
77.3203 71.0922 64.3064 58.0004
77.3203 71.0922 64.3064 58.0004
77.3203 71.0922 64.3064 58.0004
77.3203 71.0922 64.3064 58.0004
79.8604 71.6181 63.2505 55.7991
79.8604 71.6181 63.2505 55.7991
79.8604 71.6181 63.2505 55.7991
79.8604 71.6181 63.2505 55.7991
79.8604 71.6181 63.2505 55.7991
79.8604 71.6181 63.2505 55.7991
79.8604 71.6181 63.2505 55.7991
79.8604 71.6181 63.2505 55.7991
79.8604 71.6181 63.2505 55.7991
79.8604 71.6181 63.2505 55.7991
81.9064 71.953 62.4056 54.1157
81.9064 71.953 62.4056 54.1157
81.9064 71.953 62.4056 54.1157
81.9064 71.953 62.4056 54.1157
81.9064 71.953 62.4056 54.1157
81.9064 71.953 62.4056 54.1157
81.9064 71.953 62.4056 54.1157
81.9064 71.953 62.4056 54.1157
81.9064 71.953 62.4056 54.1157
81.9064 71.953 62.4056 54.1157
83.567 72.2611 61.6834 52.7521
83.567 72.2611 61.6834 52.7521
83.567 72.2611 61.6834 52.7521
83.567 72.2611 61.6834 52.7521
83.567 72.2611 61.6834 52.7521
83.567 72.2611 61.6834 52.7521
83.567 72.2611 61.6834 52.7521
83.567 72.2611 61.6834 52.7521
83.567 72.2611 61.6834 52.7521
83.567 72.2611 61.6834 52.7521
84.9522 72.4554 61.0736 51.6868
84.9522 72.4554 61.0736 51.6868
84.9522 72.4554 61.0736 51.6868
84.9522 72.4554 61.0736 51.6868
84.9522 72.4554 61.0736 51.6868
84.9522 72.4554 61.0736 51.6868
84.9522 72.4554 61.0736 51.6868
84.9522 72.4554 61.0736 51.6868
84.9522 72.4554 61.0736 51.6868
84.9522 72.4554 61.0736 51.6868
86.1486 72.6174 60.5498 50.7731
86.1486 72.6174 60.5498 50.7731
86.1486 72.6174 60.5498 50.7731
86.1486 72.6174 60.5498 50.7731
86.1486 72.6174 60.5498 50.7731
86.1486 72.6174 60.5498 50.7731
86.1486 72.6174 60.5498 50.7731
86.1486 72.6174 60.5498 50.7731
86.1486 72.6174 60.5498 50.7731
86.1486 72.6174 60.5498 50.7731
87.1622 72.7502 60.1018 50.0079
87.1622 72.7502 60.1018 50.0079
87.1622 72.7502 60.1018 50.0079
87.1622 72.7502 60.1018 50.0079
87.1622 72.7502 60.1018 50.0079
87.1622 72.7502 60.1018 50.0079
87.1622 72.7502 60.1018 50.0079
87.1622 72.7502 60.1018 50.0079
87.1622 72.7502 60.1018 50.0079
87.1622 72.7502 60.1018 50.0079
88.0338 72.8491 59.7158 49.3664
