5.1 70.0674
5.2 70.2577
5.3 70.4409
5.4 70.6173
5.5 70.7873
5.6 70.9512
5.7 71.1094
5.8 71.2621
5.9 71.4096
6 71.5523
6.1 71.6902
6.2 71.8237
6.3 71.9529
6.4 72.0782
6.5 72.1995
6.6 72.3172
6.7 72.4314
6.8 72.5422
6.9 72.6498
7 72.7543
7.1 72.8559
7.2 72.9547
7.3 73.0507
7.4 73.1442
7.5 73.2351
7.6 73.3237
7.7 73.41
7.8 73.494
7.9 73.576
8 73.6559
8.1 73.7338
8.2 73.8098
8.3 73.884
8.4 73.9564
8.5 74.0271
8.6 74.0961
8.7 74.1636
8.8 74.2296
8.9 74.294
9 74.3571
9.1 74.4187
9.2 74.479
9.3 74.538
9.4 74.5958
9.5 74.6523
9.6 74.7077
9.7 74.7619
9.8 74.815
9.9 74.867
10 74.918
10.1 74.968
10.2 75.017
10.3 75.0651
10.4 75.1122
10.5 75.1584
10.6 75.2038
10.7 75.2483
10.8 75.292
10.9 75.3349
11 75.377
11.1 75.4183
11.2 75.4589
11.3 75.4988
11.4 75.538
11.5 75.5765
11.6 75.6144
11.7 75.6516
11.8 75.6882
11.9 75.7241
12 75.7595
12.1 75.7942
12.2 75.8284
12.3 75.8621
12.4 75.8952
12.5 75.9277
12.6 75.9598
12.7 75.9914
12.8 76.0224
12.9 76.053
13 76.0831
13.1 76.1127
13.2 76.1419
13.3 76.1707
13.4 76.199
13.5 76.2269
13.6 76.2544
13.7 76.2815
13.8 76.3082
13.9 76.3345
14 76.3605
14.1 76.3861
14.2 76.4113
14.3 76.4361
14.4 76.4607
14.5 76.4848
14.6 76.5087
14.7 76.5322
14.8 76.5554
14.9 76.5783
15 76.6009
