5.1 396
5.2 396
5.3 396
5.4 396
5.5 396
5.6 396
5.7 396
5.8 396
5.9 396
6 396
6.1 396
6.2 396
6.3 396
6.4 396
6.5 396
6.6 396
6.7 396
6.8 396
6.9 396
7 396
7.1 396
7.2 396
7.3 396
7.4 396
7.5 396
7.6 396
7.7 396
7.8 396
7.9 396
8 396
8.1 396
8.2 396
8.3 396
8.4 396
8.5 396
8.6 396
8.7 396
8.8 396
8.9 396
9 396
9.1 396
9.2 396
9.3 396
9.4 396
9.5 396
9.6 396
9.7 396
9.8 396
9.9 396
10 396
10.1 396
10.2 396
10.3 396
10.4 396
10.5 396
10.6 396
10.7 396
10.8 396
10.9 396
11 396
11.1 396
11.2 396
11.3 396
11.4 396
11.5 396
11.6 396
11.7 396
11.8 396
11.9 396
12 396
12.1 396
12.2 396
12.3 396
12.4 396
12.5 396
12.6 396
12.7 396
12.8 396
12.9 396
13 396
13.1 396
13.2 396
13.3 396
13.4 396
13.5 396
13.6 396
13.7 396
13.8 396
13.9 396
14 396
14.1 396
14.2 396
14.3 396
14.4 396
14.5 396
14.6 396
14.7 396
14.8 396
14.9 396
15 396
