0.126263 0.0656566 0.111111 0.131313
0.126263 0.0656566 0.111111 0.131313
0.126263 0.0656566 0.111111 0.131313
0.126263 0.0656566 0.111111 0.131313
0.126263 0.0656566 0.111111 0.131313
0.126263 0.0656566 0.111111 0.131313
0.126263 0.0656566 0.111111 0.131313
0.126263 0.0656566 0.111111 0.131313
0.126263 0.0656566 0.111111 0.131313
0.282828 0.0858586 0.247475 0.20202
0.282828 0.0858586 0.247475 0.20202
0.282828 0.0858586 0.247475 0.20202
0.282828 0.0858586 0.247475 0.20202
0.282828 0.0858586 0.247475 0.20202
0.282828 0.0858586 0.247475 0.20202
0.282828 0.0858586 0.247475 0.20202
0.282828 0.0858586 0.247475 0.20202
0.282828 0.0858586 0.247475 0.20202
0.282828 0.0858586 0.247475 0.20202
0.252525 0.217172 0.267677 0.353535
0.252525 0.217172 0.267677 0.353535
0.252525 0.217172 0.267677 0.353535
0.252525 0.217172 0.267677 0.353535
0.252525 0.217172 0.267677 0.353535
0.252525 0.217172 0.267677 0.353535
0.252525 0.217172 0.267677 0.353535
0.252525 0.217172 0.267677 0.353535
0.252525 0.217172 0.267677 0.353535
0.252525 0.217172 0.267677 0.353535
0.373737 0.262626 0.29798 0.363636
0.373737 0.262626 0.29798 0.363636
0.373737 0.262626 0.29798 0.363636
0.373737 0.262626 0.29798 0.363636
0.373737 0.262626 0.29798 0.363636
0.373737 0.262626 0.29798 0.363636
0.373737 0.262626 0.29798 0.363636
0.373737 0.262626 0.29798 0.363636
0.373737 0.262626 0.29798 0.363636
0.373737 0.262626 0.29798 0.363636
0.348485 0.383838 0.393939 0.333333
0.348485 0.383838 0.393939 0.333333
0.348485 0.383838 0.393939 0.333333
0.348485 0.383838 0.393939 0.333333
0.348485 0.383838 0.393939 0.333333
0.348485 0.383838 0.393939 0.333333
0.348485 0.383838 0.393939 0.333333
0.348485 0.383838 0.393939 0.333333
0.348485 0.383838 0.393939 0.333333
0.348485 0.383838 0.393939 0.333333
0.141414 0.424242 0.535354 0.489899
0.141414 0.424242 0.535354 0.489899
0.141414 0.424242 0.535354 0.489899
0.141414 0.424242 0.535354 0.489899
0.141414 0.424242 0.535354 0.489899
0.141414 0.424242 0.535354 0.489899
0.141414 0.424242 0.535354 0.489899
0.141414 0.424242 0.535354 0.489899
0.141414 0.424242 0.535354 0.489899
0.141414 0.424242 0.535354 0.489899
0.308081 0.454545 0.484848 0.449495
0.308081 0.454545 0.484848 0.449495
0.308081 0.454545 0.484848 0.449495
0.308081 0.454545 0.484848 0.449495
0.308081 0.454545 0.484848 0.449495
0.308081 0.454545 0.484848 0.449495
0.308081 0.454545 0.484848 0.449495
0.308081 0.454545 0.484848 0.449495
0.308081 0.454545 0.484848 0.449495
0.308081 0.454545 0.484848 0.449495
0.30303 0.479798 0.560606 0.444444
0.30303 0.479798 0.560606 0.444444
0.30303 0.479798 0.560606 0.444444
0.30303 0.479798 0.560606 0.444444
0.30303 0.479798 0.560606 0.444444
0.30303 0.479798 0.560606 0.444444
0.30303 0.479798 0.560606 0.444444
0.30303 0.479798 0.560606 0.444444
0.30303 0.479798 0.560606 0.444444
0.30303 0.479798 0.560606 0.444444
0.358586 0.469697 0.550505 0.505051
0.358586 0.469697 0.550505 0.505051
0.358586 0.469697 0.550505 0.505051
0.358586 0.469697 0.550505 0.505051
0.358586 0.469697 0.550505 0.505051
0.358586 0.469697 0.550505 0.505051
0.358586 0.469697 0.550505 0.505051
0.358586 0.469697 0.550505 0.505051
0.358586 0.469697 0.550505 0.505051
0.358586 0.469697 0.550505 0.505051
0.348485 0.545455 0.570707 0.5
0.348485 0.545455 0.570707 0.5
0.348485 0.545455 0.570707 0.5
0.348485 0.545455 0.570707 0.5
0.348485 0.545455 0.570707 0.5
0.348485 0.545455 0.570707 0.5
0.348485 0.545455 0.570707 0.5
0.348485 0.545455 0.570707 0.5
0.348485 0.545455 0.570707 0.5
0.348485 0.545455 0.570707 0.5
0.0808081 0.666667 0.656566 0.636364
